0 30000000000 3.14159473 1001.14192283
0 60000000000 3.14157987 1001.38059740
0 90000000000 3.14160024 1000.66691469
0 120000000000 3.14159582 1044.70666800
0 150000000000 3.14159132 1001.10178610
0 180000000000 3.14159177 1034.82967284
0 210000000000 3.14159160 1000.80256075
0 240000000000 3.14160320 1001.65680880
0 270000000000 3.14158794 1034.58876581
0 300000000000 3.14159453 1001.11662185
0 330000000000 3.14158630 1002.78040578
0 360000000000 3.14159143 1035.25032978
1 30000000000 3.14158948 1000.49690590
1 30000000000 3.14158729 500.77836229
1 30000000000 3.14158929 345.02114583
1 30000000000 3.14161643 250.10545930
1 30000000000 3.14162469 200.10279331
1 30000000000 3.14163121 166.86025927
1 30000000000 3.14161441 143.18889455
1 30000000000 3.14161082 125.13259003
1 30000000000 3.14156915 111.39312505
1 30000000000 3.14161793 108.79895808
1 30000000000 3.14154168 91.14228682
1 30000000000 3.14160468 83.54362254
0 30000000000 3.14159473 999.61828768
0 60000000000 3.14158853 999.84151683
0 90000000000 3.14159533 1086.36323336
0 120000000000 3.14160207 1000.55276440
0 150000000000 3.14159051 1000.02784014
0 180000000000 3.14159764 1000.87221842
0 210000000000 3.14160095 1000.22230349
0 240000000000 3.14160382 1034.26551110
0 270000000000 3.14159628 1025.18566482
0 300000000000 3.14158910 1000.29196475
0 330000000000 3.14159244 1001.62502556
0 360000000000 3.14157532 1007.53854148
1 30000000000 3.14160410 999.63773061
1 30000000000 3.14157824 521.78501615
1 30000000000 3.14159989 333.27952812
1 30000000000 3.14158469 256.23229361
1 30000000000 3.14163091 200.21640914
1 30000000000 3.14157168 166.84584584
1 30000000000 3.14160695 149.12165970
1 30000000000 3.14159534 125.08343764
1 30000000000 3.14161782 111.16663162
1 30000000000 3.14156204 122.48158445
1 30000000000 3.14162181 94.90534314
1 30000000000 3.14158783 83.65198485
0 30000000000 3.14159473 999.54941270
0 60000000000 3.14158853 999.73233442
0 90000000000 3.14159533 1000.97639997
0 120000000000 3.14158965 999.90295671
0 150000000000 3.14159277 1001.26174692
0 180000000000 3.14160166 1000.04078392
0 210000000000 3.14158718 1000.09879869
0 240000000000 3.14159706 1000.18463751
0 270000000000 3.14158868 1000.21922024
0 300000000000 3.14158820 1000.55029241
0 330000000000 3.14158704 1034.32773554
0 360000000000 3.14159664 1049.31055378
1 30000000000 3.14159225 999.55407232
1 30000000000 3.14160131 499.82238063
1 30000000000 3.14162071 350.04140716
1 30000000000 3.14157600 249.97529432
1 30000000000 3.14159029 200.09553481
1 30000000000 3.14160470 172.34734200
1 30000000000 3.14155943 142.90626076
1 30000000000 3.14156875 125.01467239
1 30000000000 3.14154082 111.13394548
1 30000000000 3.14160285 103.42837464
1 30000000000 3.14154223 90.93102420
1 30000000000 3.14154441 83.46730857
0 30000000000 3.14159473 1000.07474914
0 60000000000 3.14158865 1001.11651885
0 90000000000 3.14160474 1000.17627245
0 120000000000 3.14158199 1000.67527690
0 150000000000 3.14159031 1000.41549757
0 180000000000 3.14160662 1000.28631340
0 210000000000 3.14158906 1050.38944346
0 240000000000 3.14157893 1001.23907151
0 270000000000 3.14160984 1000.46592487
0 300000000000 3.14158441 1002.57446657
0 330000000000 3.14159118 1008.31258957
0 360000000000 3.14157857 1052.37193150
1 30000000000 3.14158393 1000.06996335
1 30000000000 3.14159151 500.36964624
1 30000000000 3.14161315 333.40952275
1 30000000000 3.14157788 250.04026110
1 30000000000 3.14156414 200.06444599
1 30000000000 3.14162519 166.80264080
1 30000000000 3.14165266 142.90527278
1 30000000000 3.14159872 125.04330835
1 30000000000 3.14162452 111.15667276
1 30000000000 3.14160182 105.23528874
1 30000000000 3.14163964 91.63740741
1 30000000000 3.14163666 87.66396754
0 30000000000 3.14159473 999.60269215
0 60000000000 3.14158853 1000.75104790
0 90000000000 3.14161176 999.78953848
0 120000000000 3.14158895 1000.22603583
0 150000000000 3.14158311 999.99956740
0 180000000000 3.14160166 1000.09929895
0 210000000000 3.14158718 1000.12524303
0 240000000000 3.14159738 1034.25960250
0 270000000000 3.14158582 1043.92137575
0 300000000000 3.14160473 1034.36160118
0 330000000000 3.14159175 1008.85132863
0 360000000000 3.14160743 1237.25627085
1 30000000000 3.14159673 1001.07372505
1 30000000000 3.14160028 499.84016587
1 30000000000 3.14160948 333.26604518
1 30000000000 3.14158333 250.22324301
1 30000000000 3.14158946 199.99408702
1 30000000000 3.14159692 166.70703485
1 30000000000 3.14156402 143.11302292
1 30000000000 3.14162590 129.26875742
1 30000000000 3.14157646 112.44140209
1 30000000000 3.14157962 100.66696545
1 30000000000 3.14161992 99.15405715
1 30000000000 3.14157118 102.94534635
0 30000000000 3.14159473 999.42170470
0 60000000000 3.14158853 999.47122003
0 90000000000 3.14158813 1050.01489093
0 120000000000 3.14157774 999.67470798
0 150000000000 3.14158706 1000.99854284
0 180000000000 3.14159177 1043.42474443
0 210000000000 3.14159377 1001.25197229
0 240000000000 3.14158459 1033.75048439
0 270000000000 3.14160402 1000.85174884
0 300000000000 3.14155603 999.79019164
0 330000000000 3.14159570 1000.96507028
0 360000000000 3.14161317 1084.97468989
1 30000000000 3.14159746 999.44461158
1 30000000000 3.14158097 500.44581084
1 30000000000 3.14161651 333.35958409
1 30000000000 3.14161058 256.12791662
1 30000000000 3.14156596 200.09053377
1 30000000000 3.14156535 166.82911931
1 30000000000 3.14160466 142.81783572
1 30000000000 3.14159373 125.11627806
1 30000000000 3.14159954 114.86529834
1 30000000000 3.14156529 100.12185320
1 30000000000 3.14159142 90.98249836
1 30000000000 3.14156615 83.44561983
0 30000000000 3.14159473 1001.14192283
0 60000000000 3.14157987 1001.38059740
0 90000000000 3.14160024 1000.66691469
0 120000000000 3.14159582 1044.70666800
0 150000000000 3.14159132 1001.10178610
0 180000000000 3.14159177 1034.82967284
0 210000000000 3.14159160 1000.80256075
0 240000000000 3.14160320 1001.65680880
0 270000000000 3.14158794 1034.58876581
0 300000000000 3.14159453 1001.11662185
0 330000000000 3.14158630 1002.78040578
0 360000000000 3.14159143 1035.25032978
1 30000000000 3.14158948 1000.49690590
1 30000000000 3.14158729 500.77836229
1 30000000000 3.14158929 345.02114583
1 30000000000 3.14161643 250.10545930
1 30000000000 3.14162469 200.10279331
1 30000000000 3.14163121 166.86025927
1 30000000000 3.14161441 143.18889455
1 30000000000 3.14161082 125.13259003
1 30000000000 3.14156915 111.39312505
1 30000000000 3.14161793 108.79895808
1 30000000000 3.14154168 91.14228682
1 30000000000 3.14160468 83.54362254
0 30000000000 3.14159461 1000.62677207
0 60000000000 3.14159407 1000.72438157
0 90000000000 3.14160448 1001.42911107
0 120000000000 3.14160356 1000.71474761
0 150000000000 3.14158081 1000.30729398
0 180000000000 3.14159597 1034.41981539
0 210000000000 3.14158207 1000.90905344
0 240000000000 3.14159830 1000.97816285
0 270000000000 3.14159232 1000.76920691
0 300000000000 3.14159277 1000.71235150
0 330000000000 3.14158448 1001.76179777
0 360000000000 3.14159214 1003.41937685
1 30000000000 3.14158839 999.62214114
1 30000000000 3.14160138 500.30347099
1 30000000000 3.14158085 333.13749165
1 30000000000 3.14157714 250.17700860
1 30000000000 3.14159044 199.98240925
1 30000000000 3.14159606 203.86970856
1 30000000000 3.14159154 142.86587323
1 30000000000 3.14162842 124.96383569
1 30000000000 3.14159260 133.03400684
1 30000000000 3.14158650 122.38046067
1 30000000000 3.14157895 90.89277101
1 30000000000 3.14158473 86.21469948
0 30000000000 3.14159461 999.37568616
0 60000000000 3.14159479 999.70655094
0 90000000000 3.14160692 999.83803007
0 120000000000 3.14160407 1001.01447702
0 150000000000 3.14158172 1000.23203370
0 180000000000 3.14158734 1224.73445991
0 210000000000 3.14160600 1001.29268669
0 240000000000 3.14159003 1000.07692111
0 270000000000 3.14157908 1000.23065946
0 300000000000 3.14160791 1001.48743640
0 330000000000 3.14159683 1001.05485908
0 360000000000 3.14158992 1027.15190575
1 30000000000 3.14160051 998.72876841
1 30000000000 3.14159343 499.43416646
1 30000000000 3.14159683 333.40503762
1 30000000000 3.14160895 262.34000652
1 30000000000 3.14158003 199.78960151
1 30000000000 3.14158945 166.51590836
1 30000000000 3.14154877 147.60657942
1 30000000000 3.14167573 152.92397757
1 30000000000 3.14164745 114.79090958
1 30000000000 3.14159868 99.94168168
1 30000000000 3.14152318 90.80199676
1 30000000000 3.14157156 85.90994538
0 30000000000 3.14159450 1000.35934085
0 60000000000 3.14159529 1000.59652839
0 90000000000 3.14159754 1000.45276707
0 120000000000 3.14161201 1000.57563472
0 150000000000 3.14159221 1001.14962304
0 180000000000 3.14158704 1000.75647439
0 210000000000 3.14159444 1004.71532985
0 240000000000 3.14159177 1011.54550995
0 270000000000 3.14159250 1060.45481002
0 300000000000 3.14160392 1086.63124275
0 330000000000 3.14160359 1010.62257284
0 360000000000 3.14157962 1011.17408738
1 30000000000 3.14159973 1000.33778028
1 30000000000 3.14160275 500.24870813
1 30000000000 3.14159255 333.50663593
1 30000000000 3.14160974 250.18357498
1 30000000000 3.14157885 200.25434455
1 30000000000 3.14160876 175.11458943
1 30000000000 3.14162305 143.59375654
1 30000000000 3.14154946 154.26219480
1 30000000000 3.14160306 112.31837933
1 30000000000 3.14162992 101.05788490
1 30000000000 3.14157481 91.92810667
1 30000000000 3.14160457 87.00491979