0 100 3.08000000 0.00003180
0 200 3.20000000 0.00809116
0 300 3.08000000 0.00003515
0 400 3.24000000 0.00170118
0 500 3.24000000 0.00050088
0 600 3.36000000 0.00006645
0 700 3.28000000 0.00005403
0 800 3.16000000 0.00007403
0 900 3.00000000 0.00055160
0 1000 3.08000000 0.00006579
0 1100 3.08000000 0.00006492
0 1200 3.12000000 0.00005790
1 100 3.16000000 0.00003224
1 100 3.52000000 0.00008700
1 100 3.36000000 0.00003279
1 100 3.04000000 0.00005614
1 100 3.40000000 0.00048128
1 100 3.36000000 0.00827774
1 100 3.08000000 0.00543453
1 100 2.24000000 0.00027433
1 100 2.88000000 0.00003322
1 100 3.60000000 0.00010141
1 100 3.52000000 0.00005752
1 100 2.88000000 0.00020065
0 100 3.08000000 0.00003180
0 200 3.20000000 0.00809116
0 300 3.08000000 0.00003515
0 400 3.24000000 0.00170118
0 500 3.24000000 0.00050088
0 600 3.36000000 0.00006645
0 700 3.28000000 0.00005403
0 800 3.16000000 0.00007403
0 900 3.00000000 0.00055160
0 1000 3.08000000 0.00006579
0 1100 3.08000000 0.00006492
0 1200 3.12000000 0.00005790
1 100 3.16000000 0.00003224
1 100 3.52000000 0.00008700
1 100 3.36000000 0.00003279
1 100 3.04000000 0.00005614
1 100 3.40000000 0.00048128
1 100 3.36000000 0.00827774
1 100 3.08000000 0.00543453
1 100 2.24000000 0.00027433
1 100 2.88000000 0.00003322
1 100 3.60000000 0.00010141
1 100 3.52000000 0.00005752
1 100 2.88000000 0.00020065
0 100 3.32000000 0.00003278
0 200 3.20000000 0.00004237
0 300 3.40000000 0.00003621
0 400 2.92000000 0.00810731
0 500 3.28000000 0.00043309
0 600 3.48000000 0.00006324
0 700 2.96000000 0.00772911
0 800 3.16000000 0.00006098
0 900 3.08000000 0.00003626
0 1000 2.88000000 0.00003804
0 1100 2.88000000 0.00003705
0 1200 3.12000000 0.00003916
1 100 3.16000000 0.00002538
1 100 3.28000000 0.00004106
1 100 3.36000000 0.00003679
1 100 3.36000000 0.00559199
1 100 3.60000000 0.00004715
1 100 1.68000000 0.01064546
1 100 3.92000000 0.00006227
1 100 3.52000000 0.00025428
1 100 3.24000000 0.00003269
1 100 3.20000000 0.00015024
1 100 3.52000000 0.00014835
1 100 2.88000000 0.00067962
0 100 3.24000000 0.00004377
0 200 3.08000000 0.00854015
0 300 3.12000000 0.00004187
0 400 3.04000000 0.00009104
0 500 3.00000000 0.00003897
0 600 2.92000000 0.00010364
0 700 2.92000000 0.00136641
0 800 3.64000000 0.00006198
0 900 3.24000000 0.00004731
0 1000 3.16000000 0.00004479
0 1100 3.32000000 0.00005669
0 1200 3.36000000 0.00628092
1 100 3.16000000 0.00003342
1 100 2.56000000 0.00004708
1 100 3.24000000 0.00003310
1 100 3.84000000 0.00025708
1 100 3.00000000 0.00071373
1 100 2.64000000 0.00026881
1 100 3.08000000 0.00127185
1 100 3.52000000 0.00006848
1 100 3.60000000 0.00002993
1 100 3.60000000 0.00004595
1 100 2.20000000 0.00077201
1 100 2.40000000 0.00004456
0 100 3.24000000 0.00002636
0 200 3.08000000 0.00029658
0 300 3.12000000 0.00781485
0 400 3.04000000 0.00007101
0 500 3.00000000 0.00803208
0 600 2.92000000 0.00818310
0 700 2.92000000 0.00837818
0 800 3.64000000 0.00144449
0 900 3.24000000 0.00003750
0 1000 3.16000000 0.00281450
0 1100 3.32000000 0.00540590
0 1200 3.36000000 0.00006969
1 100 3.16000000 0.00003397
1 100 2.56000000 0.00866845
1 100 3.24000000 0.00030848
1 100 3.84000000 0.00004391
1 100 3.00000000 0.00003658
1 100 2.64000000 0.00097482
1 100 3.08000000 0.00029616
1 100 3.52000000 0.00003137
1 100 3.60000000 0.00004471
1 100 3.60000000 0.00004415
1 100 2.20000000 0.00043622
1 100 2.40000000 0.00030844
0 100 3.20000000 0.00003479
0 200 3.12000000 0.00003280
0 300 3.20000000 0.00041317
0 400 3.08000000 0.00633427
0 500 3.20000000 0.00144920
0 600 3.44000000 0.00004579
0 700 3.20000000 0.00847357
0 800 3.16000000 0.00007831
0 900 3.00000000 0.00290551
0 1000 3.16000000 0.00004018
0 1100 3.20000000 0.00003626
0 1200 2.52000000 0.00005076
1 100 3.36000000 0.00003404
1 100 3.12000000 0.00004322
1 100 3.12000000 0.00005332
1 100 3.04000000 0.00809292
1 100 2.60000000 0.00759046
1 100 3.12000000 0.00411091
1 100 3.64000000 0.00003973
1 100 3.84000000 0.00005791
1 100 3.60000000 0.00003449
1 100 3.20000000 0.00005942
1 100 3.52000000 0.00005827
1 100 2.40000000 0.00004526
0 100 3.20000000 0.00002516
0 200 3.12000000 0.00007541
0 300 3.20000000 0.00004432
0 400 3.08000000 0.00004124
0 500 3.20000000 0.00033192
0 600 3.44000000 0.00757297
0 700 3.20000000 0.00006410
0 800 3.16000000 0.00006573
0 900 3.00000000 0.00004973
0 1000 3.16000000 0.00005741
0 1100 3.20000000 0.00559383
0 1200 2.52000000 0.00012688
1 100 3.36000000 0.00003189
1 100 3.12000000 0.00102722
1 100 3.12000000 0.00003817
1 100 3.04000000 0.00006134
1 100 2.60000000 0.00495134
1 100 3.12000000 0.00027669
1 100 3.64000000 0.00023983
1 100 3.84000000 0.00710421
1 100 3.60000000 0.00004187
1 100 3.20000000 0.00006710
1 100 3.08000000 0.00004265
1 100 2.40000000 0.00006855
0 100 2.92000000 0.00003525
0 200 3.08000000 0.00004968
0 300 3.24000000 0.00004136
0 400 3.12000000 0.00031169
0 500 3.40000000 0.00777695
0 600 2.68000000 0.00735836
0 700 3.04000000 0.00037591
0 800 3.16000000 0.00008141
0 900 3.28000000 0.00004248
0 1000 3.44000000 0.00074191
0 1100 3.28000000 0.00646026
0 1200 3.12000000 0.00005064
1 100 3.28000000 0.00003354
1 100 3.44000000 0.00827965
1 100 2.88000000 0.00003659
1 100 3.52000000 0.00808120
1 100 3.00000000 0.00047265
1 100 2.64000000 0.00003884
1 100 3.36000000 0.00007404
1 100 2.88000000 0.00091582
1 100 3.60000000 0.00007602
1 100 3.60000000 0.00003786
1 100 3.96000000 0.00003761
1 100 2.40000000 0.00006320
0 100 2.92000000 0.00003133
0 200 3.08000000 0.00003443
0 300 3.24000000 0.00003616
0 400 3.12000000 0.00005339
0 500 3.40000000 0.00029300
0 600 2.68000000 0.00846527
0 700 3.04000000 0.00004983
0 800 3.16000000 0.00064756
0 900 3.28000000 0.00004170
0 1000 3.44000000 0.00005068
0 1100 3.28000000 0.00605145
0 1200 3.12000000 0.00004847
1 100 3.28000000 0.00002537
1 100 3.44000000 0.00003581
1 100 2.88000000 0.00003776
1 100 3.52000000 0.00838775
1 100 3.00000000 0.00006402
1 100 2.64000000 0.00808094
1 100 3.36000000 0.00033629
1 100 2.88000000 0.00007131
1 100 3.60000000 0.00003266
1 100 3.60000000 0.00003360
1 100 3.96000000 0.00020613
1 100 2.40000000 0.00032478
0 100 3.24000000 0.00002795
0 200 3.20000000 0.00006336
0 300 3.08000000 0.00030821
0 400 3.36000000 0.00819762
0 500 3.16000000 0.00005903
0 600 3.24000000 0.00746521
0 700 3.28000000 0.00055563
0 800 2.96000000 0.00835887
0 900 3.32000000 0.00004827
0 1000 3.12000000 0.00038950
0 1100 3.08000000 0.00004163
0 1200 3.20000000 0.00683030
1 100 3.08000000 0.00003520
1 100 3.36000000 0.00002965
1 100 3.12000000 0.00003563
1 100 3.04000000 0.00005071
1 100 3.40000000 0.00035782
1 100 2.64000000 0.00806765
1 100 2.80000000 0.00802948
1 100 3.20000000 0.00778604
1 100 3.96000000 0.00697682
1 100 3.20000000 0.00119798
1 100 3.08000000 0.00003819
1 100 2.88000000 0.00007394
0 100 3.24000000 0.00003467
0 200 3.20000000 0.00829884
0 300 3.08000000 0.00003514
0 400 3.36000000 0.00808124
0 500 3.16000000 0.00023959
0 600 3.24000000 0.00568367
0 700 3.28000000 0.00038477
0 800 2.96000000 0.00728807
0 900 3.32000000 0.00006696
0 1000 3.08000000 0.00006504
0 1100 3.08000000 0.00004664
0 1200 3.20000000 0.00004307
1 100 3.08000000 0.00002693
1 100 3.36000000 0.00003777
1 100 3.12000000 0.00833489
1 100 3.04000000 0.00008088
1 100 3.40000000 0.00813280
1 100 2.64000000 0.00031879
1 100 2.80000000 0.00059164
1 100 3.20000000 0.00005829
1 100 3.96000000 0.00003203
1 100 3.20000000 0.00010533
1 100 3.08000000 0.00022255
1 100 2.88000000 0.00005758