0 2000000 3.14522000 0.06730754
0 4000000 3.14213200 0.06665069
0 6000000 3.14052400 0.06665348
0 8000000 3.14166600 0.06674867
0 10000000 3.14221800 0.06696322
0 12000000 3.14238000 0.07555474
0 14000000 3.14227000 0.06666790
0 16000000 3.14151200 0.07242937
0 18000000 3.14048800 0.06956681
0 20000000 3.14194800 0.06667280
0 22000000 3.14261600 0.06667885
0 24000000 3.14233600 0.06874658
1 2000000 3.14332400 0.06710425
1 2000000 3.14112400 0.04148284
1 2000000 3.14139000 0.02223805
1 2000000 3.14248800 0.01270033
1 2000000 3.14307000 0.01576224
1 2000000 3.14059200 0.02255595
1 2000000 3.14398000 0.01973758
1 2000000 3.14091200 0.01205036
1 2000000 3.14532000 0.01033718
1 2000000 3.14738000 0.00725014
1 2000000 3.14397600 0.00628564
1 2000000 3.14524800 0.00590979
0 2000000 3.14184200 0.06711774
0 4000000 3.14206800 0.06671991
0 6000000 3.14363800 0.06676885
0 8000000 3.14129800 0.06672165
0 10000000 3.13975200 0.07216375
0 12000000 3.14021600 0.06719967
0 14000000 3.14289200 0.07395838
0 16000000 3.14081000 0.06719307
0 18000000 3.14083800 0.06672477
0 20000000 3.14201600 0.06673908
0 22000000 3.13994000 0.06683604
0 24000000 3.13986800 0.06704340
1 2000000 3.14297600 0.06696086
1 2000000 3.14191600 0.03336755
1 2000000 3.14104800 0.02226782
1 2000000 3.13922400 0.02535828
1 2000000 3.14293000 0.01383901
1 2000000 3.14047200 0.01152317
1 2000000 3.14287400 0.01143288
1 2000000 3.14561600 0.00876443
1 2000000 3.13851600 0.01530255
1 2000000 3.13844000 0.00791796
1 2000000 3.14432800 0.00613175
1 2000000 3.13015200 0.00696847
0 2000000 3.14184200 0.06753658
0 4000000 3.14206800 0.06772478
0 6000000 3.14363800 0.06709991
0 8000000 3.14129800 0.07078491
0 10000000 3.13975200 0.06778563
0 12000000 3.14021600 0.06935294
0 14000000 3.14289200 0.07565086
0 16000000 3.14081000 0.07464452
0 18000000 3.14083800 0.06759970
0 20000000 3.14201600 0.06697187
0 22000000 3.13994000 0.07313573
0 24000000 3.13986800 0.06839099
1 2000000 3.14297600 0.06715813
1 2000000 3.14191600 0.04147530
1 2000000 3.14104800 0.02654310
1 2000000 3.13922400 0.01799782
1 2000000 3.14293000 0.01400131
1 2000000 3.14047200 0.01117701
1 2000000 3.14287400 0.01648841
1 2000000 3.14561600 0.00838435
1 2000000 3.13851600 0.00746612
1 2000000 3.13844000 0.00823327
1 2000000 3.14432800 0.00636577
1 2000000 3.13015200 0.00564348
0 2000000 3.14034400 0.06766827
0 4000000 3.14095800 0.06674478
0 6000000 3.13954600 0.06675627
0 8000000 3.14244200 0.06678662
0 10000000 3.14144000 0.07314716
0 12000000 3.14214000 0.06899770
0 14000000 3.14345400 0.06699955
0 16000000 3.14210000 0.07249594
0 18000000 3.14417200 0.06674570
0 20000000 3.14082400 0.06897708
0 22000000 3.14243400 0.06690575
0 24000000 3.14200800 0.06685226
1 2000000 3.14123400 0.06708564
1 2000000 3.14352400 0.03385378
1 2000000 3.14293200 0.02302089
1 2000000 3.13980000 0.02471661
1 2000000 3.14516000 0.02154965
1 2000000 3.14106000 0.01128746
1 2000000 3.14388200 0.01775231
1 2000000 3.14153600 0.00839299
1 2000000 3.14668800 0.00775952
1 2000000 3.14744000 0.00697952
1 2000000 3.14534000 0.00611409
1 2000000 3.14496000 0.00767530
0 2000000 3.14184200 0.06711774
0 4000000 3.14206800 0.06691991
0 6000000 3.14363800 0.06696885
0 8000000 3.14129800 0.06692165
0 10000000 3.13975200 0.07216375
0 12000000 3.14021600 0.06719967
0 14000000 3.14289200 0.07395838
0 16000000 3.14081000 0.06719307
0 18000000 3.14083800 0.06672477
0 20000000 3.14201600 0.06673908
0 22000000 3.13994000 0.06683604
0 24000000 3.13986800 0.06704340
1 2000000 3.14297600 0.06696086
1 2000000 3.14191600 0.03336755
1 2000000 3.14104800 0.02226782
1 2000000 3.13922400 0.02535828
1 2000000 3.14293000 0.01383901
1 2000000 3.14047200 0.01152317
1 2000000 3.14287400 0.01143288
1 2000000 3.14561600 0.00876443
1 2000000 3.13851600 0.01530255
1 2000000 3.13844000 0.00791796
1 2000000 3.14432800 0.00613175
1 2000000 3.13015200 0.00696847
0 2000000 3.14184200 0.06753658
0 4000000 3.14206800 0.06672478
0 6000000 3.14363800 0.06789991
0 8000000 3.14129800 0.07078491
0 10000000 3.13975200 0.06778563
0 12000000 3.14021600 0.06935294
0 14000000 3.14289200 0.07565086
0 16000000 3.14081000 0.07464452
0 18000000 3.14083800 0.06759970
0 20000000 3.14201600 0.06697187
0 22000000 3.13994000 0.07313573
0 24000000 3.13986800 0.06839099
1 2000000 3.14297600 0.06715813
1 2000000 3.14191600 0.04147530
1 2000000 3.14104800 0.02654310
1 2000000 3.13922400 0.01799782
1 2000000 3.14293000 0.01400131
1 2000000 3.14047200 0.01117701
1 2000000 3.14287400 0.01648841
1 2000000 3.14561600 0.00838435
1 2000000 3.13851600 0.00746612
1 2000000 3.13844000 0.00823327
1 2000000 3.14432800 0.00636577
1 2000000 3.13015200 0.00564348
0 2000000 3.14034400 0.06666827
0 4000000 3.14095800 0.06674478
0 6000000 3.13954600 0.06675627
0 8000000 3.14244200 0.06678662
0 10000000 3.14144000 0.07314716
0 12000000 3.14214000 0.06899770
0 14000000 3.14345400 0.06699955
0 16000000 3.14210000 0.07249594
0 18000000 3.14417200 0.06674570
0 20000000 3.14082400 0.06897708
0 22000000 3.14243400 0.06690575
0 24000000 3.14200800 0.06685226
1 2000000 3.14123400 0.06708564
1 2000000 3.14352400 0.03385378
1 2000000 3.14293200 0.02302089
1 2000000 3.13980000 0.02471661
1 2000000 3.14516000 0.02154965
1 2000000 3.14106000 0.01128746
1 2000000 3.14388200 0.01775231
1 2000000 3.14153600 0.00839299
1 2000000 3.14668800 0.00775952
1 2000000 3.14744000 0.00697952
1 2000000 3.14534000 0.00611409
1 2000000 3.14496000 0.00767530
0 2000000 3.14034400 0.06771145
0 4000000 3.14095800 0.06677862
0 6000000 3.13954600 0.07488262
0 8000000 3.14244200 0.06678601
0 10000000 3.14144000 0.06790453
0 12000000 3.14214000 0.06726458
0 14000000 3.14345400 0.06769437
0 16000000 3.14210000 0.06980593
0 18000000 3.14417200 0.07187422
0 20000000 3.14082400 0.06966410
0 22000000 3.14243400 0.06679602
0 24000000 3.14200800 0.07211585
1 2000000 3.14123400 0.06767820
1 2000000 3.14352400 0.03338098
1 2000000 3.14293200 0.02226181
1 2000000 3.13980000 0.01672079
1 2000000 3.14516000 0.01423815
1 2000000 3.14106000 0.01171152
1 2000000 3.14388200 0.00959369
1 2000000 3.14153600 0.00868252
1 2000000 3.14668800 0.01178770
1 2000000 3.14744000 0.00671416
1 2000000 3.14534000 0.00611944
1 2000000 3.14496000 0.00665034
0 2000000 3.14028800 0.06765430
0 4000000 3.13995800 0.06671566
0 6000000 3.13965400 0.06671279
0 8000000 3.14059400 0.06699057
0 10000000 3.14197400 0.06728520
0 12000000 3.14169600 0.06693433
0 14000000 3.14231800 0.07088161
0 16000000 3.14283400 0.06902284
0 18000000 3.14262400 0.06736793
0 20000000 3.14279400 0.06680787
0 22000000 3.14153200 0.06681959
0 24000000 3.14067400 0.06796085
1 2000000 3.13961000 0.06773686
1 2000000 3.14329200 0.03336561
1 2000000 3.14232600 0.02227661
1 2000000 3.13774400 0.01712931
1 2000000 3.14318000 0.02177778
1 2000000 3.14188800 0.01372228
1 2000000 3.13852000 0.00972925
1 2000000 3.13414400 0.00924073
1 2000000 3.14071200 0.00746171
1 2000000 3.14096000 0.00672671
1 2000000 3.14481200 0.00743696
1 2000000 3.14169600 0.00588960
0 2000000 3.14028800 0.06702078
0 4000000 3.13995800 0.07131891
0 6000000 3.13965400 0.06710764
0 8000000 3.14059400 0.06782570
0 10000000 3.14197400 0.07841348
0 12000000 3.14169600 0.06766443
0 14000000 3.14231800 0.06681389
0 16000000 3.14283400 0.06683348
0 18000000 3.14262400 0.06904620
0 20000000 3.14279400 0.06752353
0 22000000 3.14153200 0.07014278
0 24000000 3.14067400 0.06727365
1 2000000 3.13961000 0.06678035
1 2000000 3.14329200 0.03339484
1 2000000 3.14232600 0.02227190
1 2000000 3.13774400 0.01820930
1 2000000 3.14318000 0.02353342
1 2000000 3.14188800 0.01191551
1 2000000 3.13852000 0.00971086
1 2000000 3.13414400 0.00839727
1 2000000 3.14071200 0.00750297
1 2000000 3.14096000 0.00673565
1 2000000 3.14481200 0.00612229
1 2000000 3.14157600 0.00924531
0 2000000 3.14113000 0.06737956
0 4000000 3.14022600 0.07501354
0 6000000 3.14206000 0.06672478
0 8000000 3.14293400 0.06675297
0 10000000 3.14029200 0.06684051
0 12000000 3.14116600 0.06964085
0 14000000 3.14164400 0.06726470
0 16000000 3.14098200 0.06679212
0 18000000 3.14273800 0.06911623
0 20000000 3.14098000 0.06963517
0 22000000 3.14092800 0.07254358
0 24000000 3.14387600 0.06687311
1 2000000 3.14024600 0.06711807
1 2000000 3.14206800 0.03337885
1 2000000 3.14051400 0.02226387
1 2000000 3.14036800 0.01734392
1 2000000 3.14088000 0.02137960
1 2000000 3.14074800 0.01245929
1 2000000 3.14386800 0.00956890
1 2000000 3.14164800 0.00840849
1 2000000 3.14141400 0.00801027
1 2000000 3.14184000 0.00701462
1 2000000 3.14826600 0.00631821
1 2000000 3.14280000 0.00569793
0 2000000 3.14218600 0.06779423
0 4000000 3.13877000 0.07482400
0 6000000 3.14206000 0.06683965
0 8000000 3.14293400 0.06676668
0 10000000 3.14029200 0.06689945
0 12000000 3.14133200 0.06899722
0 14000000 3.14164400 0.07732961
0 16000000 3.14115200 0.07013878
0 18000000 3.14159600 0.06736759
0 20000000 3.14259600 0.06764739
0 22000000 3.13969200 0.06681269
0 24000000 3.14024600 0.07824539
1 2000000 3.14008200 0.06782068
1 2000000 3.14140400 0.03489490
1 2000000 3.14050800 0.02229696
1 2000000 3.13908800 0.01731217
1 2000000 3.14020000 0.01353555
1 2000000 3.14586000 0.01118824
1 2000000 3.14161400 0.01007735
1 2000000 3.14452800 0.00986850
1 2000000 3.14470800 0.00746000
1 2000000 3.14656000 0.00817500
1 2000000 3.14351400 0.00950280
1 2000000 3.13994400 0.00562859
0 2000000 3.14113000 0.06742628
0 4000000 3.14022600 0.07042948
0 6000000 3.14206000 0.06673775
0 8000000 3.14293400 0.06677896
0 10000000 3.14029200 0.06692040
0 12000000 3.14133200 0.06682147
0 14000000 3.14251800 0.07396375
0 16000000 3.14115200 0.06937338
0 18000000 3.14159600 0.06676224
0 20000000 3.14040200 0.06898708
0 22000000 3.13969200 0.06743450
0 24000000 3.14024600 0.06766160
1 2000000 3.14184600 0.06681848
1 2000000 3.14140400 0.03414679
1 2000000 3.14050800 0.02229689
1 2000000 3.13908800 0.02647086
1 2000000 3.14020000 0.01338667
1 2000000 3.14586000 0.01856824
1 2000000 3.14161400 0.00957994
1 2000000 3.14452800 0.00836672
1 2000000 3.14470800 0.00744608
1 2000000 3.14794000 0.01363474
1 2000000 3.13539600 0.00648167
1 2000000 3.13970400 0.00606239