0 1 3.14156733 53.10676146
0 2 3.14160265 53.18004608
0 3 3.14159872 56.31280494
0 4 3.14161083 53.11702132
0 5 3.14154409 54.49441695
0 6 3.14159926 55.81047034
0 7 3.14161280 55.42190123
0 8 3.14160574 56.12644482
0 9 3.14160195 54.44624639
0 10 3.14158276 54.33146572
0 11 3.14157289 54.31812119
0 12 3.14157724 54.37479305
1 1 3.14165062 53.08645630
1 2 3.14163013 26.59415650
1 3 3.14169816 17.70690703
1 4 3.14151078 13.29646397
1 5 3.14170448 11.31754065
1 6 3.14156831 9.33123469
1 7 3.14173649 8.30349016
1 8 3.14149162 6.85839367
1 9 3.14176929 6.05043221
1 10 3.14162522 5.59918976
1 11 3.14135612 5.00305843
1 12 3.14146283 5.38321280